n_champions 20  
n_traits 12  
5.921170000000007 10.84 0.05050849914550781
[0, 6, 7, 8, 11, 15, 18, 19] 9.700000000000001 0.33055853843688965
[2, 3, 6, 9, 12, 14, 16, 18] 13.720000000000002 1.7418079376220703
n_champions 21  
n_traits 13  
8.525170000000006 17.299999999999997 0.04000663757324219
[6, 7, 10, 11, 12, 13, 14, 20] 13.15 0.46108055114746094
[3, 8, 11, 12, 15, 16, 17, 20] 18.480000000000004 2.9280166625976562
n_champions 22  
n_traits 14  
9.454620000000002 16.450000000000003 0.06201028823852539
[2, 3, 6, 12, 15, 16, 17, 19] 16.21 0.46120595932006836
[2, 5, 6, 10, 11, 12, 15, 16] 18.840000000000003 4.556427001953125
n_champions 23  
n_traits 15  
8.849950000000009 15.6 0.06201052665710449
[2, 4, 5, 9, 10, 11, 17, 21] 16.81 0.48263096809387207
[0, 1, 5, 8, 9, 13, 18, 21] 18.229999999999997 7.234821319580078
n_champions 24  
n_traits 16  
9.110809999999988 15.200000000000003 0.042006731033325195
[0, 2, 3, 5, 10, 13, 15, 22] 9.100000000000001 0.5196197032928467
[0, 4, 6, 7, 14, 16, 19, 21] 17.82 11.196000099182129
n_champions 25  
n_traits 17  
10.475480000000012 19.38 0.06300997734069824
[4, 9, 14, 16, 17, 18, 20, 24] 15.809999999999999 0.5515966415405273
[7, 14, 16, 17, 18, 19, 20, 24] 21.95 17.17377758026123
n_champions 26  
n_traits 18  
6.718350000000011 14.280000000000001 0.04900860786437988
[0, 1, 7, 14, 18, 19, 22, 24] 13.130000000000003 0.6851217746734619
[1, 2, 3, 4, 9, 16, 18, 19] 16.020000000000003 25.56714367866516
n_champions 27  
n_traits 19  
9.232699999999998 16.080000000000002 0.05963492393493652
[1, 9, 11, 19, 21, 22, 23, 25] 16.55 0.7103958129882812
[4, 9, 11, 13, 21, 23, 24, 25] 19.24 38.04913020133972
n_champions 28  
n_traits 20  
8.091200000000008 16.009999999999998 0.05600929260253906
[4, 8, 10, 14, 15, 18, 19, 26] 15.06 0.8891561031341553
[0, 1, 5, 8, 14, 16, 18, 22] 20.52 54.96397161483765
n_champions 29  
n_traits 21  
9.286629999999995 15.099999999999996 0.10564422607421875
[0, 0, 0, 0, 3, 10, 22, 25] 17.72 0.9893844127655029
[0, 2, 3, 5, 13, 14, 23, 24] 18.6 79.64211678504944
n_champions 30  
n_traits 22  
8.022189999999998 13.79 0.07201242446899414
[0, 4, 7, 8, 9, 21, 23, 27] 11.959999999999999 1.1789071559906006
[0, 8, 9, 15, 19, 21, 22, 26] 16.31 111.55117225646973
n_champions 31  
n_traits 23  
8.512510000000008 15.870000000000001 0.08651471138000488
[0, 4, 9, 20, 25, 27, 28, 30] 11.569999999999997 1.410447597503662
[1, 3, 4, 8, 26, 27, 28, 29] 20.65 154.27691888809204
n_champions 32  
n_traits 24  
6.25317 14.72 0.05802774429321289
[3, 6, 9, 15, 18, 25, 26, 28] 16.51 1.6978175640106201
[1, 3, 6, 8, 9, 15, 18, 21] 17.98 213.41284704208374
n_champions 33  
n_traits 25  
6.970529999999998 16.25 0.06402373313903809
[7, 8, 14, 19, 22, 24, 29, 30] 8.79 2.0073654651641846
[11, 12, 15, 21, 22, 25, 27, 32] 19.58 297.19396805763245
n_champions 34  
n_traits 26  
6.86649 13.43 0.1150209903717041
[11, 13, 16, 22, 24, 29, 30, 32] [4, 11, 16, 22, 24, 29, 30, 32] 14.129999999999999 2.5652360916137695
[2, 7, 9, 11, 16, 22, 29, 32] 16.43 391.61761808395386
n_champions 35  
n_traits 27  
7.171420000000001 16.21 0.06001019477844238
[7, 8, 12, 14, 15, 22, 31, 34] 15.67 3.1555864810943604
[7, 8, 10, 14, 22, 23, 28, 34] 18.72 524.8637683391571
n_champions 36  
n_traits 28  
7.736999999999983 16.91 0.06551003456115723
[6, 7, 13, 18, 20, 22, 29, 34] 10.92 3.8296873569488525
[0, 1, 3, 13, 18, 22, 27, 28] 21.32 695.151957988739
n_champions 37  
n_traits 29  
6.35341000000001 15.0 0.13653850555419922
[3, 16, 18, 22, 23, 25, 26, 28] 13.42 4.741850852966309
[11, 16, 18, 22, 23, 25, 26, 29] 16.979999999999997 914.7878994941711
n_champions 38  
n_traits 30  
6.775799999999997 13.83 0.1370236873626709
[7, 10, 19, 26, 27, 29, 30, 33] 15.219999999999999 5.843029737472534
[7, 10, 13, 16, 21, 24, 27, 29] 18.150000000000002 1195.2488641738892
n_champions 39  
n_traits 31  
6.059809999999996 12.560000000000002 0.12302184104919434
[1, 4, 11, 19, 21, 23, 36, 38] 10.5 7.1472766399383545
[8, 11, 13, 15, 21, 27, 35, 36] 16.52 1587.6043882369995
n_champions 40  
n_traits 32  
6.598890000000003 15.499999999999998 0.13752436637878418
[1, 3, 12, 15, 16, 18, 26, 31] 15.49 11.240482330322266
[3, 16, 18, 20, 23, 30, 31, 39] 23.59 2049.4525310993195
n_champions 41  
n_traits 33  
8.729800000000001 18.5 0.08451581001281738
[0, 4, 7, 13, 15, 17, 26, 32] 16.54 12.15660834312439
[0, 8, 12, 17, 19, 20, 24, 40] 25.13 2495.6845514774323
n_champions 42  
n_traits 34  
7.896130000000003 16.08 0.1215217113494873
[1, 10, 28, 31, 34, 36, 39, 41] 11.5 24.37379741668701
[8, 15, 24, 28, 31, 35, 39, 40] 20.28 3189.9313731193542